{
  "cells": [
    {
      "cell_type": "markdown",
      "metadata": {
        "colab_type": "text",
        "id": "view-in-github"
      },
      "source": [
        "<a href=\"https://colab.research.google.com/github/william-monroy/Obtencion-de-Estadistica-Descriptiva/blob/master/Mapas_de_calor_y_boxplots.ipynb\" target=\"_parent\"><img src=\"https://colab.research.google.com/assets/colab-badge.svg\" alt=\"Open In Colab\"/></a>"
      ]
    },
    {
      "cell_type": "markdown",
      "metadata": {},
      "source": [
        "# Datos generales"
      ]
    },
    {
      "cell_type": "markdown",
      "metadata": {
        "id": "prP-TJftp0WY"
      },
      "source": [
        "**Actividad Evaluable: Mapas de calor y boxplots**\n",
        "\n",
        "*Equipo 4 - Integrantes:*\n",
        "\n",
        "*William Frank Monroy Mamani - A00829796*\n",
        "\n",
        "*José Moisés López Alanís - A01284506*\n",
        "\n",
        "*Sergio Eduardo Chavez Villegas - A01284297*\n",
        "\n",
        "*Ezequiel Lozano Guerrero - A01734172*\n",
        "\n",
        "*Jose Manuel Caceres Esponda - A00831382*"
      ]
    },
    {
      "cell_type": "code",
      "execution_count": 3,
      "metadata": {
        "id": "SWGjCvhHp8ph"
      },
      "outputs": [
        {
          "data": {
            "text/html": [
              "<div>\n",
              "<style scoped>\n",
              "    .dataframe tbody tr th:only-of-type {\n",
              "        vertical-align: middle;\n",
              "    }\n",
              "\n",
              "    .dataframe tbody tr th {\n",
              "        vertical-align: top;\n",
              "    }\n",
              "\n",
              "    .dataframe thead th {\n",
              "        text-align: right;\n",
              "    }\n",
              "</style>\n",
              "<table border=\"1\" class=\"dataframe\">\n",
              "  <thead>\n",
              "    <tr style=\"text-align: right;\">\n",
              "      <th></th>\n",
              "      <th>Alcohol</th>\n",
              "      <th>Malic_Acid</th>\n",
              "      <th>Ash</th>\n",
              "      <th>Ash_Alcanity</th>\n",
              "      <th>Magnesium</th>\n",
              "      <th>Total_Phenols</th>\n",
              "      <th>Flavanoids</th>\n",
              "      <th>Nonflavanoid_Phenols</th>\n",
              "      <th>Proanthocyanins</th>\n",
              "      <th>Color_Intensity</th>\n",
              "      <th>Hue</th>\n",
              "      <th>OD280</th>\n",
              "      <th>Proline</th>\n",
              "    </tr>\n",
              "  </thead>\n",
              "  <tbody>\n",
              "    <tr>\n",
              "      <th>0</th>\n",
              "      <td>14.23</td>\n",
              "      <td>1.71</td>\n",
              "      <td>2.43</td>\n",
              "      <td>15.6</td>\n",
              "      <td>127</td>\n",
              "      <td>2.80</td>\n",
              "      <td>3.06</td>\n",
              "      <td>0.28</td>\n",
              "      <td>2.29</td>\n",
              "      <td>5.64</td>\n",
              "      <td>1.04</td>\n",
              "      <td>3.92</td>\n",
              "      <td>1065</td>\n",
              "    </tr>\n",
              "    <tr>\n",
              "      <th>1</th>\n",
              "      <td>13.20</td>\n",
              "      <td>1.78</td>\n",
              "      <td>2.14</td>\n",
              "      <td>11.2</td>\n",
              "      <td>100</td>\n",
              "      <td>2.65</td>\n",
              "      <td>2.76</td>\n",
              "      <td>0.26</td>\n",
              "      <td>1.28</td>\n",
              "      <td>4.38</td>\n",
              "      <td>1.05</td>\n",
              "      <td>3.40</td>\n",
              "      <td>1050</td>\n",
              "    </tr>\n",
              "    <tr>\n",
              "      <th>2</th>\n",
              "      <td>13.16</td>\n",
              "      <td>2.36</td>\n",
              "      <td>2.67</td>\n",
              "      <td>18.6</td>\n",
              "      <td>101</td>\n",
              "      <td>2.80</td>\n",
              "      <td>3.24</td>\n",
              "      <td>0.30</td>\n",
              "      <td>2.81</td>\n",
              "      <td>5.68</td>\n",
              "      <td>1.03</td>\n",
              "      <td>3.17</td>\n",
              "      <td>1185</td>\n",
              "    </tr>\n",
              "    <tr>\n",
              "      <th>3</th>\n",
              "      <td>14.37</td>\n",
              "      <td>1.95</td>\n",
              "      <td>2.50</td>\n",
              "      <td>16.8</td>\n",
              "      <td>113</td>\n",
              "      <td>3.85</td>\n",
              "      <td>3.49</td>\n",
              "      <td>0.24</td>\n",
              "      <td>2.18</td>\n",
              "      <td>7.80</td>\n",
              "      <td>0.86</td>\n",
              "      <td>3.45</td>\n",
              "      <td>1480</td>\n",
              "    </tr>\n",
              "    <tr>\n",
              "      <th>4</th>\n",
              "      <td>13.24</td>\n",
              "      <td>2.59</td>\n",
              "      <td>2.87</td>\n",
              "      <td>21.0</td>\n",
              "      <td>118</td>\n",
              "      <td>2.80</td>\n",
              "      <td>2.69</td>\n",
              "      <td>0.39</td>\n",
              "      <td>1.82</td>\n",
              "      <td>4.32</td>\n",
              "      <td>1.04</td>\n",
              "      <td>2.93</td>\n",
              "      <td>735</td>\n",
              "    </tr>\n",
              "  </tbody>\n",
              "</table>\n",
              "</div>"
            ],
            "text/plain": [
              "   Alcohol  Malic_Acid   Ash  Ash_Alcanity  Magnesium  Total_Phenols  \\\n",
              "0    14.23        1.71  2.43          15.6        127           2.80   \n",
              "1    13.20        1.78  2.14          11.2        100           2.65   \n",
              "2    13.16        2.36  2.67          18.6        101           2.80   \n",
              "3    14.37        1.95  2.50          16.8        113           3.85   \n",
              "4    13.24        2.59  2.87          21.0        118           2.80   \n",
              "\n",
              "   Flavanoids  Nonflavanoid_Phenols  Proanthocyanins  Color_Intensity   Hue  \\\n",
              "0        3.06                  0.28             2.29             5.64  1.04   \n",
              "1        2.76                  0.26             1.28             4.38  1.05   \n",
              "2        3.24                  0.30             2.81             5.68  1.03   \n",
              "3        3.49                  0.24             2.18             7.80  0.86   \n",
              "4        2.69                  0.39             1.82             4.32  1.04   \n",
              "\n",
              "   OD280  Proline  \n",
              "0   3.92     1065  \n",
              "1   3.40     1050  \n",
              "2   3.17     1185  \n",
              "3   3.45     1480  \n",
              "4   2.93      735  "
            ]
          },
          "execution_count": 3,
          "metadata": {},
          "output_type": "execute_result"
        }
      ],
      "source": [
        "import pandas as pd\n",
        "df = pd.read_csv('wine-clustering.csv')\n",
        "df.head()"
      ]
    },
    {
      "cell_type": "code",
      "execution_count": 7,
      "metadata": {},
      "outputs": [
        {
          "data": {
            "text/html": [
              "<div>\n",
              "<style scoped>\n",
              "    .dataframe tbody tr th:only-of-type {\n",
              "        vertical-align: middle;\n",
              "    }\n",
              "\n",
              "    .dataframe tbody tr th {\n",
              "        vertical-align: top;\n",
              "    }\n",
              "\n",
              "    .dataframe thead th {\n",
              "        text-align: right;\n",
              "    }\n",
              "</style>\n",
              "<table border=\"1\" class=\"dataframe\">\n",
              "  <thead>\n",
              "    <tr style=\"text-align: right;\">\n",
              "      <th></th>\n",
              "      <th>Alcohol</th>\n",
              "      <th>Malic_Acid</th>\n",
              "      <th>Ash</th>\n",
              "      <th>Ash_Alcanity</th>\n",
              "      <th>Magnesium</th>\n",
              "      <th>Total_Phenols</th>\n",
              "      <th>Flavanoids</th>\n",
              "      <th>Nonflavanoid_Phenols</th>\n",
              "      <th>Proanthocyanins</th>\n",
              "      <th>Color_Intensity</th>\n",
              "      <th>Hue</th>\n",
              "      <th>OD280</th>\n",
              "      <th>Proline</th>\n",
              "    </tr>\n",
              "  </thead>\n",
              "  <tbody>\n",
              "    <tr>\n",
              "      <th>Alcohol</th>\n",
              "      <td>1.000000</td>\n",
              "      <td>0.094397</td>\n",
              "      <td>0.211545</td>\n",
              "      <td>-0.310235</td>\n",
              "      <td>0.270798</td>\n",
              "      <td>0.289101</td>\n",
              "      <td>0.236815</td>\n",
              "      <td>-0.155929</td>\n",
              "      <td>0.136698</td>\n",
              "      <td>0.546364</td>\n",
              "      <td>-0.071747</td>\n",
              "      <td>0.072343</td>\n",
              "      <td>0.643720</td>\n",
              "    </tr>\n",
              "    <tr>\n",
              "      <th>Malic_Acid</th>\n",
              "      <td>0.094397</td>\n",
              "      <td>1.000000</td>\n",
              "      <td>0.164045</td>\n",
              "      <td>0.288500</td>\n",
              "      <td>-0.054575</td>\n",
              "      <td>-0.335167</td>\n",
              "      <td>-0.411007</td>\n",
              "      <td>0.292977</td>\n",
              "      <td>-0.220746</td>\n",
              "      <td>0.248985</td>\n",
              "      <td>-0.561296</td>\n",
              "      <td>-0.368710</td>\n",
              "      <td>-0.192011</td>\n",
              "    </tr>\n",
              "    <tr>\n",
              "      <th>Ash</th>\n",
              "      <td>0.211545</td>\n",
              "      <td>0.164045</td>\n",
              "      <td>1.000000</td>\n",
              "      <td>0.443367</td>\n",
              "      <td>0.286587</td>\n",
              "      <td>0.128980</td>\n",
              "      <td>0.115077</td>\n",
              "      <td>0.186230</td>\n",
              "      <td>0.009652</td>\n",
              "      <td>0.258887</td>\n",
              "      <td>-0.074667</td>\n",
              "      <td>0.003911</td>\n",
              "      <td>0.223626</td>\n",
              "    </tr>\n",
              "    <tr>\n",
              "      <th>Ash_Alcanity</th>\n",
              "      <td>-0.310235</td>\n",
              "      <td>0.288500</td>\n",
              "      <td>0.443367</td>\n",
              "      <td>1.000000</td>\n",
              "      <td>-0.083333</td>\n",
              "      <td>-0.321113</td>\n",
              "      <td>-0.351370</td>\n",
              "      <td>0.361922</td>\n",
              "      <td>-0.197327</td>\n",
              "      <td>0.018732</td>\n",
              "      <td>-0.273955</td>\n",
              "      <td>-0.276769</td>\n",
              "      <td>-0.440597</td>\n",
              "    </tr>\n",
              "    <tr>\n",
              "      <th>Magnesium</th>\n",
              "      <td>0.270798</td>\n",
              "      <td>-0.054575</td>\n",
              "      <td>0.286587</td>\n",
              "      <td>-0.083333</td>\n",
              "      <td>1.000000</td>\n",
              "      <td>0.214401</td>\n",
              "      <td>0.195784</td>\n",
              "      <td>-0.256294</td>\n",
              "      <td>0.236441</td>\n",
              "      <td>0.199950</td>\n",
              "      <td>0.055398</td>\n",
              "      <td>0.066004</td>\n",
              "      <td>0.393351</td>\n",
              "    </tr>\n",
              "    <tr>\n",
              "      <th>Total_Phenols</th>\n",
              "      <td>0.289101</td>\n",
              "      <td>-0.335167</td>\n",
              "      <td>0.128980</td>\n",
              "      <td>-0.321113</td>\n",
              "      <td>0.214401</td>\n",
              "      <td>1.000000</td>\n",
              "      <td>0.864564</td>\n",
              "      <td>-0.449935</td>\n",
              "      <td>0.612413</td>\n",
              "      <td>-0.055136</td>\n",
              "      <td>0.433681</td>\n",
              "      <td>0.699949</td>\n",
              "      <td>0.498115</td>\n",
              "    </tr>\n",
              "    <tr>\n",
              "      <th>Flavanoids</th>\n",
              "      <td>0.236815</td>\n",
              "      <td>-0.411007</td>\n",
              "      <td>0.115077</td>\n",
              "      <td>-0.351370</td>\n",
              "      <td>0.195784</td>\n",
              "      <td>0.864564</td>\n",
              "      <td>1.000000</td>\n",
              "      <td>-0.537900</td>\n",
              "      <td>0.652692</td>\n",
              "      <td>-0.172379</td>\n",
              "      <td>0.543479</td>\n",
              "      <td>0.787194</td>\n",
              "      <td>0.494193</td>\n",
              "    </tr>\n",
              "    <tr>\n",
              "      <th>Nonflavanoid_Phenols</th>\n",
              "      <td>-0.155929</td>\n",
              "      <td>0.292977</td>\n",
              "      <td>0.186230</td>\n",
              "      <td>0.361922</td>\n",
              "      <td>-0.256294</td>\n",
              "      <td>-0.449935</td>\n",
              "      <td>-0.537900</td>\n",
              "      <td>1.000000</td>\n",
              "      <td>-0.365845</td>\n",
              "      <td>0.139057</td>\n",
              "      <td>-0.262640</td>\n",
              "      <td>-0.503270</td>\n",
              "      <td>-0.311385</td>\n",
              "    </tr>\n",
              "    <tr>\n",
              "      <th>Proanthocyanins</th>\n",
              "      <td>0.136698</td>\n",
              "      <td>-0.220746</td>\n",
              "      <td>0.009652</td>\n",
              "      <td>-0.197327</td>\n",
              "      <td>0.236441</td>\n",
              "      <td>0.612413</td>\n",
              "      <td>0.652692</td>\n",
              "      <td>-0.365845</td>\n",
              "      <td>1.000000</td>\n",
              "      <td>-0.025250</td>\n",
              "      <td>0.295544</td>\n",
              "      <td>0.519067</td>\n",
              "      <td>0.330417</td>\n",
              "    </tr>\n",
              "    <tr>\n",
              "      <th>Color_Intensity</th>\n",
              "      <td>0.546364</td>\n",
              "      <td>0.248985</td>\n",
              "      <td>0.258887</td>\n",
              "      <td>0.018732</td>\n",
              "      <td>0.199950</td>\n",
              "      <td>-0.055136</td>\n",
              "      <td>-0.172379</td>\n",
              "      <td>0.139057</td>\n",
              "      <td>-0.025250</td>\n",
              "      <td>1.000000</td>\n",
              "      <td>-0.521813</td>\n",
              "      <td>-0.428815</td>\n",
              "      <td>0.316100</td>\n",
              "    </tr>\n",
              "    <tr>\n",
              "      <th>Hue</th>\n",
              "      <td>-0.071747</td>\n",
              "      <td>-0.561296</td>\n",
              "      <td>-0.074667</td>\n",
              "      <td>-0.273955</td>\n",
              "      <td>0.055398</td>\n",
              "      <td>0.433681</td>\n",
              "      <td>0.543479</td>\n",
              "      <td>-0.262640</td>\n",
              "      <td>0.295544</td>\n",
              "      <td>-0.521813</td>\n",
              "      <td>1.000000</td>\n",
              "      <td>0.565468</td>\n",
              "      <td>0.236183</td>\n",
              "    </tr>\n",
              "    <tr>\n",
              "      <th>OD280</th>\n",
              "      <td>0.072343</td>\n",
              "      <td>-0.368710</td>\n",
              "      <td>0.003911</td>\n",
              "      <td>-0.276769</td>\n",
              "      <td>0.066004</td>\n",
              "      <td>0.699949</td>\n",
              "      <td>0.787194</td>\n",
              "      <td>-0.503270</td>\n",
              "      <td>0.519067</td>\n",
              "      <td>-0.428815</td>\n",
              "      <td>0.565468</td>\n",
              "      <td>1.000000</td>\n",
              "      <td>0.312761</td>\n",
              "    </tr>\n",
              "    <tr>\n",
              "      <th>Proline</th>\n",
              "      <td>0.643720</td>\n",
              "      <td>-0.192011</td>\n",
              "      <td>0.223626</td>\n",
              "      <td>-0.440597</td>\n",
              "      <td>0.393351</td>\n",
              "      <td>0.498115</td>\n",
              "      <td>0.494193</td>\n",
              "      <td>-0.311385</td>\n",
              "      <td>0.330417</td>\n",
              "      <td>0.316100</td>\n",
              "      <td>0.236183</td>\n",
              "      <td>0.312761</td>\n",
              "      <td>1.000000</td>\n",
              "    </tr>\n",
              "  </tbody>\n",
              "</table>\n",
              "</div>"
            ],
            "text/plain": [
              "                       Alcohol  Malic_Acid       Ash  Ash_Alcanity  Magnesium  \\\n",
              "Alcohol               1.000000    0.094397  0.211545     -0.310235   0.270798   \n",
              "Malic_Acid            0.094397    1.000000  0.164045      0.288500  -0.054575   \n",
              "Ash                   0.211545    0.164045  1.000000      0.443367   0.286587   \n",
              "Ash_Alcanity         -0.310235    0.288500  0.443367      1.000000  -0.083333   \n",
              "Magnesium             0.270798   -0.054575  0.286587     -0.083333   1.000000   \n",
              "Total_Phenols         0.289101   -0.335167  0.128980     -0.321113   0.214401   \n",
              "Flavanoids            0.236815   -0.411007  0.115077     -0.351370   0.195784   \n",
              "Nonflavanoid_Phenols -0.155929    0.292977  0.186230      0.361922  -0.256294   \n",
              "Proanthocyanins       0.136698   -0.220746  0.009652     -0.197327   0.236441   \n",
              "Color_Intensity       0.546364    0.248985  0.258887      0.018732   0.199950   \n",
              "Hue                  -0.071747   -0.561296 -0.074667     -0.273955   0.055398   \n",
              "OD280                 0.072343   -0.368710  0.003911     -0.276769   0.066004   \n",
              "Proline               0.643720   -0.192011  0.223626     -0.440597   0.393351   \n",
              "\n",
              "                      Total_Phenols  Flavanoids  Nonflavanoid_Phenols  \\\n",
              "Alcohol                    0.289101    0.236815             -0.155929   \n",
              "Malic_Acid                -0.335167   -0.411007              0.292977   \n",
              "Ash                        0.128980    0.115077              0.186230   \n",
              "Ash_Alcanity              -0.321113   -0.351370              0.361922   \n",
              "Magnesium                  0.214401    0.195784             -0.256294   \n",
              "Total_Phenols              1.000000    0.864564             -0.449935   \n",
              "Flavanoids                 0.864564    1.000000             -0.537900   \n",
              "Nonflavanoid_Phenols      -0.449935   -0.537900              1.000000   \n",
              "Proanthocyanins            0.612413    0.652692             -0.365845   \n",
              "Color_Intensity           -0.055136   -0.172379              0.139057   \n",
              "Hue                        0.433681    0.543479             -0.262640   \n",
              "OD280                      0.699949    0.787194             -0.503270   \n",
              "Proline                    0.498115    0.494193             -0.311385   \n",
              "\n",
              "                      Proanthocyanins  Color_Intensity       Hue     OD280  \\\n",
              "Alcohol                      0.136698         0.546364 -0.071747  0.072343   \n",
              "Malic_Acid                  -0.220746         0.248985 -0.561296 -0.368710   \n",
              "Ash                          0.009652         0.258887 -0.074667  0.003911   \n",
              "Ash_Alcanity                -0.197327         0.018732 -0.273955 -0.276769   \n",
              "Magnesium                    0.236441         0.199950  0.055398  0.066004   \n",
              "Total_Phenols                0.612413        -0.055136  0.433681  0.699949   \n",
              "Flavanoids                   0.652692        -0.172379  0.543479  0.787194   \n",
              "Nonflavanoid_Phenols        -0.365845         0.139057 -0.262640 -0.503270   \n",
              "Proanthocyanins              1.000000        -0.025250  0.295544  0.519067   \n",
              "Color_Intensity             -0.025250         1.000000 -0.521813 -0.428815   \n",
              "Hue                          0.295544        -0.521813  1.000000  0.565468   \n",
              "OD280                        0.519067        -0.428815  0.565468  1.000000   \n",
              "Proline                      0.330417         0.316100  0.236183  0.312761   \n",
              "\n",
              "                       Proline  \n",
              "Alcohol               0.643720  \n",
              "Malic_Acid           -0.192011  \n",
              "Ash                   0.223626  \n",
              "Ash_Alcanity         -0.440597  \n",
              "Magnesium             0.393351  \n",
              "Total_Phenols         0.498115  \n",
              "Flavanoids            0.494193  \n",
              "Nonflavanoid_Phenols -0.311385  \n",
              "Proanthocyanins       0.330417  \n",
              "Color_Intensity       0.316100  \n",
              "Hue                   0.236183  \n",
              "OD280                 0.312761  \n",
              "Proline               1.000000  "
            ]
          },
          "execution_count": 7,
          "metadata": {},
          "output_type": "execute_result"
        }
      ],
      "source": [
        "#Mapa de correlacion\n",
        "correlacion = df.corr()\n",
        "correlacion"
      ]
    },
    {
      "cell_type": "code",
      "execution_count": null,
      "metadata": {},
      "outputs": [],
      "source": [
        "import seaborn as sns\n",
        "#Mapa de calor\n",
        "sns.heatmap(correlacion)"
      ]
    }
  ],
  "metadata": {
    "colab": {
      "authorship_tag": "ABX9TyPeX7BKYa90aQx7JEp4o1G5",
      "include_colab_link": true,
      "name": "Mapas de calor y boxplots.ipynb",
      "provenance": []
    },
    "interpreter": {
      "hash": "0ac15a147627136cb9ee645ddc0d2716b9382deefdd79cd4420bc8b8695e236d"
    },
    "kernelspec": {
      "display_name": "Python 3.8.6 64-bit",
      "name": "python3"
    },
    "language_info": {
      "codemirror_mode": {
        "name": "ipython",
        "version": 3
      },
      "file_extension": ".py",
      "mimetype": "text/x-python",
      "name": "python",
      "nbconvert_exporter": "python",
      "pygments_lexer": "ipython3",
      "version": "3.8.6"
    }
  },
  "nbformat": 4,
  "nbformat_minor": 0
}
